921 211 848 990
398 619 909 257
452 844 384 066
555 246 049 077
882 466 267 385
809 361 632 106
476 220 838 596
281 780 927 044
668 844 467 509
094 654 630 317
984 228 943 265
299 403 868 178
536 230 335 086
923 865 683 835
423 645 981 669
160 282 020 357
999 258 470 080
768 900 425 479
549 080 517 575
562 229 908 941
402 982 252 070
838 956 329 344
720 546 159 857
852 431 259 238
095 162 216 816
260 692 108 110
488 708 458 245
198 664 003 626
066 603 098 477
341 836 792 549
344 311 676 264
275 525 761 131
326 793 452 635
867 689 117 755
017 687 821 209
488 381 254 976
707 201 466 168
576 481 455 819
173 550 013 187
951 984 331 070
577 341 098 802
880 615 449 842
947 058 710 207
266 208 915 819
362 652 163 440
494 009 268 334
814 092 703 778
615 704 382 681
481 564 193 784
816 173 662 649
445 404 113 261
013 867 482 199
711 992 874 212
979 966 055 515
989 425 635 569
322 148 680 189
852 603 410 591
235 967 630 054
481 793 589 066
302 115 882 080
271 245 989 721
272 701 127 855
551 417 139 141
123 418 758 094
317 196 341 679
346 268 212 068
771 810 745 710
993 370 054 316
148 988 135 931
442 183 362 626
483 200 336 467
185 758 406 183
797 105 351 240
593 459 507 599
760 422 039 051
323 101 594 525
504 668 529 743
492 911 044 203
649 690 413 591
846 142 167 971
867 357 139 001
892 823 990 107
489 104 567 873
315 636 273 525
933 497 175 996
702 454 302 951
735 383 485 417
106 979 742 883
371 922 307 276
279 150 138 534
832 210 894 201
146 301 993 970
059 175 474 718
908 737 196 890
372 764 086 225
161 983 642 839
226 688 326 889
271 973 278 256
511 315 754 244
849 890 938 261
277 966 106 906
600 002 592 613
337 822 735 914
889 714 784 218
992 666 855 452
837 426 169 622
378 882 802 983
917 816 842 798
636 714 926 039
806 254 994 340
925 287 958 915
619 895 698 800
969 879 429 589
864 817 088 063
510 865 202 431
818 858 602 092
178 071 280 536
955 337 643 209
913 045 152 879
713 024 138 299
227 435 887 815
724 447 318 661
451 917 162 472
762 699 180 730
068 088 155 607
396 064 334 167
571 858 062 194
818 321 616 530
212 549 580 141
620 753 419 214
590 344 103 163
552 351 466 760
196 201 109 794
923 594 755 619
115 885 783 915
890 196 485 843
797 200 447 609
522 491 190 760
455 913 337 208
758 257 718 067
308 465 302 684
442 327 132 364
393 394 239 861
596 290 606 470
449 082 403 317
190 745 458 183
193 265 891 385
514 645 717 819
986 191 136 589
913 852 671 413
171 236 538 428
979 025 902 472
296 523 857 301
989 905 048 588
254 541 060 804
091 457 067 803
609 733 370 736
830 523 118 490
368 142 145 184
122 743 326 452
753 368 510 937
422 768 174 540
146 417 381 639
987 656 428 422
055 837 721 312
200 254 688 388
042 701 171 445
254 381 856 544
616 484 366 679
501 913 176 509
939 752 150 719
479 617 858 578
083 236 810 744
561 441 878 244
445 865 045 166
891 390 872 415
640 660 974 979
194 569 939 455
057 847 103 012
447 419 291 229
520 247 629 461
203 777 608 202
241 025 472 821
686 549 307 510
552 361 132 809
669 308 847 208
106 880 463 047
311 169 988 697
990 977 234 325
524 133 651 208
778 832 041 899
059 571 298 664
474 403 668 129
940 237 463 418
307 001 001 335
854 722 192 063
005 119 106 519
656 701 850 438
263 031 533 499
598 123 923 516
538 121 267 785
506 497 516 721
262 740 474 740
341 212 271 351
753 599 081 795
852 620 186 605
639 344 090 108
788 465 864 536
064 016 504 896
973 760 574 394
262 074 019 328
997 359 389 148
209 496 176 085
443 087 665 487
311 590 501 487
551 314 280 191
630 148 272 118
458 658 306 552
535 129 712 095
035 310 433 385
563 288 408 761
215 240 546 252
209 611 925 956
643 369 737 409
518 373 930 098
978 683 526 869
628 652 589 919
354 101 655 538
014 387 265 875
527 851 896 933
932 420 418 054
729 174 348 968
389 464 117 134
584 535 656 303
172 158 407 404
005 484 658 459
080 221 107 628
195 863 717 043
026 275 561 316
828 520 647 628
878 564 194 719
483 215 688 904
428 730 549 849
699 712 210 803
742 194 097 404
545 417 964 351
696 668 362 499
735 584 129 517
680 393 938 159
842 804 214 677
248 023 207 908
807 856 157 574
231 430 291 214
591 485 293 490
735 841 967 378
176 660 768 226
576 228 073 179
545 924 711 221
862 363 151 927
473 930 509 712
474 440 434 536
561 002 851 855
088 172 114 099
960 049 393 636
949 795 062 835
236 132 157 113
271 256 135 122
342 992 703 480
315 147 973 651
381 579 001 388
926 441 978 083
008 724 869 060
012 338 993 612
143 267 320 747
038 651 996 532
853 018 048 667
150 173 036 530
924 162 650 040
330 170 847 059
181 240 522 309
487 690 701 974
295 679 386 498
031 951 802 168
314 734 720 705
595 301 299 865
975 007 112 725
464 267 823 545
559 087 945 876
971 369 286 984
702 104 233 945
702 577 068 839
555 336 956 537
474 054 393 555
660 892 687 354
880 708 917 510
390 353 509 076
506 394 001 026
469 563 815 950
223 385 481 319
152 240 826 398
403 515 165 616
162 554 515 931
166 402 393 488
286 515 353 508
837 278 356 245
975 322 367 436
899 958 755 857
511 413 104 164
002 114 039 037
939 849 901 771
185 423 273 495
563 181 747 357
435 415 323 193
951 676 444 338
581 992 373 899
775 717 236 012
017 191 300 693
332 082 916 189
162 619 246 988
528 158 908 237
414 400 692 793
868 044 645 446
386 727 192 520
574 538 582 538
085 459 297 802
487 460 034 857
001 686 485 773
173 222 267 114
112 149 413 834
751 042 771 328
770 158 989 647
433 525 933 847
112 544 378 336
935 485 511 360
814 549 582 304
643 536 819 669
054 723 575 163
973 975 353 184
207 455 115 459
575 972 948 055
393 420 686 052
612 995 752 439
948 024 524 115
278 576 242 326
094 320 385 347
166 142 740 672
627 518 652 202
020 482 082 031
900 958 532 269
376 679 596 411
236 769 959 561
860 466 986 000
631 353 558 971
187 321 971 580
913 943 513 602
860 600 289 827
865 512 814 033
950 545 848 455
037 039 118 618
890 079 872 664
074 397 930 947
578 592 434 264
587 868 336 205
471 067 785 240
127 912 070 081
007 261 136 202
147 658 923 663
041 413 549 905
042 411 392 577
542 115 833 321
961 366 323 160
541 227 156 397
032 316 162 044
903 625 437 256
351 617 557 422
390 799 850 622
452 095 088 505
554 449 758 022
464 740 662 826
445 243 479 424
430 097 332 963
024 793 262 800
341 464 394 921
957 559 448 211
968 626 162 064
696 866 819 373
571 245 113 950
677 875 898 295
368 230 258 404
492 795 173 618
803 348 438 597
788 379 117 238
210 311 164 032
681 996 699 400
770 450 157 403
812 633 375 568
811 064 981 963
171 388 527 718
495 613 511 163
808 252 285 846
198 694 000 356
836 844 101 847
927 552 255 941
482 715 355 241
543 174 434 076
745 809 198 536
149 649 278 591
818 141 640 506
955 505 390 792
588 570 815 498
104 799 664 279
376 320 011 656
206 078 145 740
060 103 821 829
449 548 644 849
268 512 463 625
980 883 548 763
860 709 622 094
520 846 681 355
786 029 149 565
275 400 389 535
260 108 150 492
259 294 505 557
027 106 625 086
994 131 487 214
008 402 071 318
004 487 717 320
037 307 970 309
711 200 467 512
709 050 768 847
567 333 770 567
550 686 241 469
882 053 196 463
312 374 123 240
918 150 510 754
171 637 018 637
386 724 564 214
593 685 366 720
248 613 128 086
388 618 096 714
442 337 156 647
694 119 641 630
774 773 453 327
078 192 074 002
498 616 271 265
248 328 427 703
055 865 667 237
474 614 681 285
475 557 469 466
031 569 800 084
470 212 276 049
001 976 800 857
302 148 438 017
725 628 909 245
882 428 362 390
013 851 009 325
118 285 806 625
501 064 532 460
514 724 556 720
017 658 438 825
994 479 264 777
008 117 887 104
788 403 279 872
007 756 524 064
921 093 889 978
075 140 712 610
013 057 062 348
117 599 203 867
048 424 130 107
082 290 673 792
221 340 615 601
954 711 701 051
601 329 425 520
388 949 238 123
695 108 116 963
938 527 633 342
275 172 357 763
322 640 332 501
061 049 024 282
394 460 616 529
408 200 077 411
031 864 803 035
697 198 444 154
082 421 588 333
974 271 647 360
398 806 697 678
248 244 625 411
427 250 761 102
378 164 530 693
339 273 497 648
844 691 713 597
656 188 172 381
049 760 462 021
983 887 984 261
721 956 556 264
194 303 562 520
428 440 788 703
850 647 562 979
257 160 910 153
700 557 648 145
281 495 745 928
351 778 279 794
791 532 011 288
951 530 878 220
586 086 559 660
421 290 716 381
674 991 657 094
603 463 828 100
858 741 319 430
265 801 232 759
724 246 346 303
380 677 516 229
702 797 719 902
607 318 486 251
165 414 250 453
355 958 338 897
019 773 355 052
139 564 115 395
342 791 336 830
457 609 830 372
877 368 271 443
166 462 539 911
740 546 596 981
306 856 800 454
336 874 396 651
762 584 617 406
577 300 039 621
962 268 474 519
331 573 683 039
609 552 204 151
245 992 196 896
945 693 893 256
992 230 418 933
878 083 380 261
651 135 898 900
096 538 890 272
470 096 562 157
938 214 496 809
675 246 048 865
570 234 893 969
958 688 567 041
131 511 906 264
425 290 660 529
835 930 753 809
228 106 368 425
226 637 060 177
597 651 151 697
256 426 041 060
411 584 914 050
961 637 462 838
064 403 653 623
056 668 210 655
440 350 757 242
040 149 724 767
079 462 840 896
220 397 670 452
817 082 078 337
038 540 115 382
943 708 751 754
475 882 898 226
812 034 742 414
936 957 527 406
423 249 361 799
572 700 206 195
683 169 831 650
040 204 313 648
582 619 033 865
629 185 791 165
099 277 194 458
722 152 627 468
413 884 731 652
085 667 116 046
363 844 862 076
430 962 706 007
706 025 137 642
198 688 990 912
614 433 935 503
873 793 878 787
311 700 789 331
170 371 668 481
520 704 383 602
112 482 453 252
249 711 882 027
007 494 746 826
817 693 736 746
467 181 918 448
405 941 642 389
429 939 126 102
656 491 747 919
788 519 308 875
297 931 230 328
514 164 140 924
051 679 488 019
370 678 936 909
424 362 527 387
955 183 040 588
457 108 805 115
402 558 299 261
385 295 994 591
532 947 284 968
149 138 918 682
351 921 191 101
624 108 642 715
586 568 285 969
626 276 693 840
370 094 063 534
562 291 676 558
246 502 273 518
819 080 518 261
340 117 472 185
856 126 004 447
258 694 007 415
116 614 662 423
448 216 799 286
877 818 744 091
939 078 482 425
588 161 682 073
685 468 934 627
672 180 345 222
967 241 996 649
302 358 196 048
940 163 735 249
179 373 103 387
899 703 691 839
072 290 305 227
881 394 566 237
492 265 723 029
080 397 256 182
130 737 284 589
703 940 475 220
326 897 021 913
508 684 440 158
421 561 780 931
038 745 879 043
289 187 016 747
646 022 257 755
670 437 838 738
150 291 438 100
974 788 642 351
758 881 890 786
205 522 646 045
215 909 680 954
354 621 929 747
302 060 470 267
688 100 635 126
802 402 646 769
751 047 319 604
371 911 218 526
806 861 092 945
859 781 719 813
063 444 113 423
144 861 133 605
253 771 798 389
854 782 143 564
684 867 945 729
143 272 475 500
645 046 279 909
683 134 303 554
897 108 818 411
289 955 923 458
933 119 719 124
906 019 027 195
444 853 033 816
560 870 206 404
890 443 174 867
585 508 108 954
924 698 903 096
269 074 269 238
479 730 584 652
848 596 349 924
903 478 568 622
816 341 161 713
667 398 954 572
711 508 322 567
900 886 329 070
126 077 834 463
955 239 009 939
807 714 273 048
134 473 353 782
019 097 118 726
002 919 990 600
462 668 502 460
528 693 041 847
133 489 140 852
444 921 353 138
029 765 861 453
402 332 976 524
901 049 490 435
947 409 199 151
802 016 150 476
482 206 206 738
546 732 585 013
637 428 556 101
798 384 517 457
941 789 037 857
887 827 133 504
429 050 528 048
676 707 483 140
768 021 334 736
908 633 883 824
143 611 127 928
150 761 493 970
875 026 683 488
872 251 807 057
212 243 116 283
519 133 476 299
813 217 281 771
434 037 159 873
166 358 102 233
989 999 184 879
944 913 004 914
093 366 810 104
715 969 939 741
429 823 807 590
681 796 973 919
803 407 525 194
608 620 721 428
714 276 740 991
930 996 448 718
725 219 838 578
325 944 370 678
082 597 990 555
153 115 336 166
150 443 715 613
633 058 777 978
125 433 282 534
755 673 943 058
138 848 917 121
838 232 009 930
209 303 407 629
544 461 652 384
560 194 920 753
851 461 410 879
863 737 782 583
231 270 978 151
018 186 479 123
118 207 137 723
023 980 161 271
969 500 401 806
176 191 439 506
348 905 194 724
752 631 221 781
397 983 146 326
250 561 234 244
870 837 456 750
821 058 832 647
066 044 605 200
331 896 959 964
018 641 113 276
141 204 561 072
793 678 810 192
696 319 606 465
574 449 204 594
744 435 594 860
814 236 523 710
447 089 700 166
427 096 061 352
506 897 193 409
840 506 075 871
852 674 908 458
290 306 201 714
645 438 663 494
452 950 148 231
566 956 013 802
846 978 489 595
335 167 631 497
170 648 064 000
316 974 207 162
194 616 044 970
884 143 022 475
065 729 901 854
344 896 543 619
015 313 061 955
032 597 802 970
913 583 144 561
458 878 348 876
404 671 713 440
048 881 156 113
902 453 104 618
856 285 791 872
055 772 928 166
935 024 633 992
486 132 212 930
743 178 068 035
976 624 905 239
578 695 399 428
146 492 444 126
559 892 541 359
937 364 645 857
751 289 445 203
659 697 678 745
517 057 160 104
135 291 373 460
495 718 901 577
149 814 344 546
148 737 204 665
234 110 366 804
155 811 695 856
027 326 348 357
913 418 033 357
149 207 038 719
293 946 679 889
827 681 376 928
713 032 929 312
409 767 825 938
035 644 236 423
354 796 050 427
250 900 377 509
627 507 598 630
303 898 751 738
332 614 585 406
944 282 962 060
748 975 799 817
598 305 580 694
347 987 637 296
650 971 703 778
355 658 905 362
880 217 020 175
551 988 156 853
108 828 138 718
059 575 828 009
701 720 602 701
919 203 673 283
958 193 509 812
641 711 634 765
561 433 641 876
240 810 219 756
286 265 819 263
206 627 176 457
171 454 680 525
638 695 798 661
359 257 973 909
346 467 268 198
848 075 840 009
532 354 173 925
923 030 225 131
990 706 834 693
590 492 591 204
280 988 349 136
346 609 033 954
972 354 968 641
584 525 436 305
589 217 132 600
508 516 879 511
450 851 867 787
474 051 898 402
782 953 507 876
637 174 372 004
272 861 204 806
990 327 069 742
471 412 068 767
174 556 282 028
395 403 443 038
089 284 812 215
350 255 935 201
756 422 413 547
700 720 607 004
318 700 377 742
839 980 170 355
520 560 375 110
361 327 005 899
062 782 496 328
971 737 761 861
985 235 972 149
769 261 304 334
536 703 710 189
716 135 572 197
849 945 764 069
816 942 968 954
526 876 243 996
377 432 464 632
963 923 889 442
988 882 692 066
542 648 089 491
321 900 682 455
367 203 999 648
123 146 358 746
168 138 319 628
077 540 168 388
653 619 761 114
575 123 949 506
870 758 877 047
479 996 696 306
594 444 915 684
990 333 643 865
395 281 046 326
333 313 288 599
635 375 373 814
962 363 757 499
933 958 689 565
567 105 252 945
082 574 213 633
241 412 439 789
665 214 708 887
610 535 193 386
483 940 520 291
900 882 435 489
180 468 627 873
186 826 632 962
521 084 009 375
016 156 302 670
661 974 722 893
763 277 380 081
958 655 085 142
312 565 322 249
312 439 968 991
616 770 862 185
481 576 860 924
254 517 332 085
854 148 712 694
738 212 178 241
624 474 349 671
162 210 166 988
812 091 651 251
334 735 506 704
085 708 564 656
234 792 091 088
642 047 110 891
694 369 777 740
171 470 399 606
541 743 543 300
762 121 089 296
673 049 108 772
702 420 676 060
817 852 724 416
959 320 299 042
866 861 051 323
225 605 739 547
035 686 177 498
586 245 563 509
558 330 322 973
637 414 682 602
949 397 452 612
774 606 560 360
814 882 685 648
103 552 002 464
007 613 258 848
256 092 613 640
301 726 734 088
407 138 035 429
690 975 035 620
253 100 417 768
557 451 597 102
585 994 278 698
582 490 283 142
767 412 214 052
441 258 086 987
819 682 943 323
686 537 452 095
903 505 687 050
362 111 812 866
155 843 481 478
833 864 553 627
524 117 203 735
083 356 888 337
704 820 352 722
937 427 510 778
010 683 929 630
237 337 325 142
946 181 692 671
067 980 229 618
917 244 297 773
784 704 865 637
034 581 322 816
335 838 329 320
652 584 227 020
071 644 186 736
892 731 761 493
874 758 921 486
777 423 391 568
259 625 858 876
033 771 541 605
334 800 131 650
839 552 889 049
951 091 654 429
195 764 537 384
109 981 529 594
813 999 540 045
702 550 166 699
267 380 950 095
063 774 406 327
997 833 712 462
226 908 461 758
638 228 384 938
211 727 369 155
749 785 614 829
449 307 828 779
674 448 958 347
850 932 448 127
795 123 607 001
127 596 110 145
798 632 055 664
372 474 085 870
484 100 755 033
496 495 556 311
474 516 991 815
885 480 933 907
858 032 416 273
624 804 168 160
016 538 746 765
795 930 851 176
602 973 979 891
597 843 695 801
823 720 983 082
587 279 699 443
200 758 080 105
014 881 841 426
531 611 247 952
912 490 248 126
471 759 278 422
746 895 715 286
834 027 831 414
948 868 359 075
335 241 018 492
415 168 122 195
784 783 785 978
169 949 655 645
229 195 314 045
623 560 654 790
817 253 004 956
469 055 301 321
608 499 053 827
715 104 177 700
169 848 848 654
451 589 254 124
910 725 390 823
911 497 915 164
359 745 604 492
811 326 453 756
885 610 984 537
555 522 842 867
558 860 150 296
998 350 738 476
193 181 392 706
202 338 736 852
359 212 908 277
706 889 328 214
839 973 023 073
118 979 793 562
284 753 414 447
303 414 363 377
044 841 136 679
937 066 977 067
638 810 981 760
956 230 162 458
729 649 908 621
321 678 716 611
063 699 417 918
024 186 223 491
949 464 111 867
530 820 341 254
363 048 856 275
005 370 726 754
630 205 968 500
016 291 126 581
506 153 860 840
854 130 659 525
342 463 805 870
881 464 927 643
799 582 207 071
030 703 508 324
818 550 870 876
322 267 371 043
322 304 536 566
464 620 015 437
023 195 387 422
856 634 985 670
275 092 798 428
043 128 894 276
448 145 144 382
929 572 432 859
075 778 609 864
454 238 365 120
932 183 459 816
047 678 205 411
810 459 385 573
642 541 554 728
168 781 442 026
300 053 146 302
565 495 708 228
069 303 052 524
050 168 276 612
605 632 807 298
383 324 004 144
554 005 145 770
741 971 785 177
485 150 746 117
770 105 351 258
303 245 838 651
999 492 463 329
158 081 613 684
750 027 901 920
686 878 598 308
785 604 831 464
144 531 723 739
573 418 534 224
130 709 812 173
496 668 594 602
031 282 991 949
191 481 730 002
297 662 953 877
762 927 145 656
711 386 103 999
533 808 632 362
871 385 663 095
156 766 486 349
424 692 434 841
471 723 654 774
196 598 552 295
106 155 021 429
466 369 565 950
584 638 828 662
659 864 366 712
229 362 024 657
149 269 089 371
969 058 387 140
955 564 799 262
500 762 284 730
396 626 900 830
351 567 179 655
762 485 521 526
707 326 267 931
171 756 064 195
352 421 982 575
985 348 873 130
486 546 261 296
484 504 859 577
071 531 121 194
443 620 478 896
427 837 180 947
463 907 528 015
113 810 827 510
438 491 359 525
747 136 841 171
427 002 995 256
803 665 659 716
278 167 926 697
335 752 048 022
317 551 261 072
382 833 010 533
080 677 815 685
936 543 635 237
020 400 178 456
059 325 779 789
657 799 875 264
631 541 748 948
320 955 833 184
238 867 189 579
423 894 171 946
982 943 145 620
288 086 884 042
293 900 339 197
513 533 470 350
509 406 283 974
024 428 119 156
224 167 293 239
193 390 354 851
804 124 045 217
102 668 178 523
571 979 247 325
216 919 397 618
869 578 338 064
316 607 088 645
115 913 696 310
967 909 715 260
278 052 022 435
231 447 790 664
918 882 985 564
463 438 752 166
827 856 960 404
323 045 967 607
336 181 174 295
413 959 496 801
571 720 822 042
088 932 012 752
100 720 152 550
945 437 347 097
156 379 881 851
900 199 942 798
667 431 511 366
377 367 908 352
715 814 535 861
134 034 054 381
157 588 931 471
569 682 150 512
287 429 843 365
695 683 076 246
447 212 164 429
150 163 820 498
747 644 694 008
152 029 127 552
390 342 694 957
541 982 514 100
070 037 019 435
325 230 420 557
813 403 818 026
156 683 801 655
727 467 052 221
451 561 639 808
374 664 626 877
634 107 493 522
224 992 592 909
338 760 558 392
753 231 585 144
072 327 563 576
862 296 392 113
825 041 319 379
713 072 817 636
828 885 185 859
142 215 748 348
321 920 619 921
253 329 496 392
069 299 858 055
325 423 022 196
132 895 293 896
032 916 220 809
496 236 987 305
696 275 152 838
001 587 633 249
896 781 873 632
094 475 755 722
449 067 234 648
946 105 547 948
215 858 317 324
181 639 745 653
865 928 559 075
148 522 151 191
480 720 365 299
338 887 501 559
012 240 176 454
873 871 985 928
427 469 082 060
801 512 288 400
362 067 418 382
270 646 171 207
936 364 992 709
602 565 251 934
164 232 816 503
004 439 946 194
451 605 690 210
076 989 319 945
081 198 796 087
121 180 379 445
306 787 451 551
340 142 499 876
813 856 664 689
201 852 667 973
013 794 642 096
469 488 776 094
054 621 894 974
396 093 621 438
317 810 701 864
992 110 258 409
277 347 351 521
307 417 253 200
141 128 090 863
245 450 236 080
283 115 596 720
613 353 044 317
289 297 305 094
487 426 751 583
787 304 586 593
639 931 452 986
561 865 560 551
909 140 799 489
682 902 189 174
372 092 308 892
230 219 617 118
366 746 183 586
869 707 178 976
296 945 616 373
566 171 965 335
090 003 948 954
013 796 049 514
090 691 185 194
460 233 561 215
817 839 548 590
234 686 882 832
670 605 388 587
435 654 687 000
898 433 398 425
894 320 274 615
122 814 567 970
695 519 800 976
936 772 617 330
057 496 891 362
475 571 414 688
788 436 336 546
140 408 457 320
703 591 546 960
745 502 692 833
091 612 045 872
274 590 028 076
295 473 787 049
992 382 596 322
819 281 502 432
766 209 523 450
763 658 096 266
359 553 755 052
528 779 935 852
785 444 559 085
907 979 570 102
921 633 050 776
831 040 353 277
295 638 168 241
391 593 522 113
852 085 865 343
841 251 859 975
875 074 518 177
518 347 694 875
136 135 498 610
989 072 467 464
241 137 000 084
838 368 999 735
852 140 876 188
435 151 090 423
419 847 541 528
486 910 765 983
283 873 533 872
093 964 690 766
507 975 842 665
476 708 461 382
779 039 242 627
666 792 943 759
799 229 521 529
571 341 274 913
267 934 992 034
002 310 504 621
069 157 487 596
158 762 744 724
996 430 964 596
474 455 650 515
174 187 733 525
004 753 156 138
829 907 337 136
587 685 395 845
199 745 994 625
882 518 897 817
547 084 208 371
869 113 195 180
377 695 838 219
880 032 640 175
967 361 146 661
650 354 355 923
206 244 029 273
746 607 321 937
239 571 993 405
589 254 148 650
774 760 137 901
444 828 934 102
816 789 957 970
712 237 867 771
032 962 566 295
334 705 456 300
560 724 403 565
798 430 452 799
206 222 472 139
184 178 187 900
692 685 887 141
817 119 255 834
637 350 220 553
988 735 104 226
197 764 586 795
742 781 035 423
052 062 930 126
346 697 728 398
241 229 067 361
151 475 462 634
543 779 476 372
071 005 998 544
624 282 660 777
629 799 487 930
435 674 600 814
528 370 139 448
610 806 779 385
699 616 771 526
000 670 009 705
370 313 413 377
152 266 609 389
509 938 599 323
636 700 363 352
873 209 608 080
358 577 873 863
080 901 525 715
439 971 454 545
178 647 991 021
970 756 564 304
889 130 844 572
297 781 340 700
170 808 087 475
775 118 639 746
877 295 308 996
993 648 481 191
523 206 032 403
088 217 787 911
409 026 567 667
200 185 359 056
027 341 360 170
701 693 541 100
760 156 245 300
912 620 603 948
466 640 482 768
010 492 449 078
091 049 671 279
050 482 714 451
021 059 839 854
943 309 674 143
105 735 353 002
762 133 919 554
841 587 697 784
410 349 183 154
744 112 365 189
387 530 407 772
257 946 079 774
357 542 933 195
255 365 796 195
431 901 960 317
295 484 805 179
071 308 716 200
102 113 593 706
921 238 936 283
066 259 109 537
168 268 527 447
758 727 481 915
633 459 739 306
976 775 651 950
038 214 624 363
407 770 834 285
061 636 478 331
142 478 161 336
887 001 585 215
209 898 517 552
836 612 462 574
836 684 682 617
826 282 832 416
587 384 272 595
282 287 912 978
518 063 131 919
730 744 433 109
955 549 461 976
620 835 327 355
727 743 431 811
858 254 885 311
350 787 260 982
161 744 481 998
717 247 030 538
375 354 097 508
304 183 046 197
001 394 263 346
802 680 010 994
395 749 217 835
379 234 496 727
046 518 611 700
941 402 807 620
187 649 756 760
260 922 467 929
208 381 031 542
096 194 327 013
297 526 315 833
036 462 862 783
526 250 129 419
351 522 625 315
885 424 141 499
006 571 352 711
134 915 711 047
469 437 795 241
605 395 307 439
012 568 796 810
282 491 598 230
041 673 902 041
422 745 579 401
391 584 078 242
612 290 723 097
984 375 063 038
242 897 327 913
338 868 739 359
979 218 858 495
892 667 097 194
710 439 888 292
710 805 483 307
606 135 277 550
841 851 669 085
718 161 041 382
374 291 426 006
363 263 762 142
600 640 856 847
646 756 970 270
787 751 013 258
187 515 051 551
790 526 143 095
319 482 449 767
936 512 812 506
059 600 519 129
566 811 292 368
063 017 270 332
374 815 871 605
599 131 378 064
759 184 822 454
747 648 745 741
714 996 421 016
669 677 314 548
362 031 891 737
083 602 362 108
906 842 727 562
339 922 492 258
461 127 626 403
594 891 052 126
344 061 574 838
050 994 593 532
759 129 534 578
255 493 875 683
006 853 370 230
235 520 357 263
909 976 617 501
377 020 702 425
834 522 583 294
439 351 362 314
232 746 147 304
118 502 708 368
044 016 251 028
084 714 603 514
376 051 697 479
103 115 319 951
708 366 553 073
929 932 150 450
148 710 532 425
222 181 613 018
637 689 134 721
773 353 059 471
007 974 703 018
295 339 040 030
735 996 916 657
215 901 876 506
862 932 096 614
970 709 153 711
414 826 413 903
498 456 159 103
016 744 215 052
727 010 196 720
179 755 220 070
977 879 843 663
903 901 738 556
455 983 174 604
232 798 650 674
122 934 231 031
386 048 820 977
893 990 587 075
023 036 319 030
250 184 425 503
124 044 321 001
478 365 776 263
939 265 042 091
226 571 925 970
616 982 785 100
516 595 948 703
820 434 706 965
906 931 512 695
532 902 280 216
224 139 364 168
901 729 122 490
170 468 469 970
637 223 146 300
156 018 473 495
999 660 992 008
280 835 386 031
144 150 714 122
447 641 704 883
863 811 996 742
573 239 305 748
763 522 735 129
680 222 660 516
846 447 712 414
847 301 634 455
918 307 815 667
629 741 727 548
536 988 148 152
930 459 917 967
198 363 837 977
193 742 857 681
126 762 166 979
987 531 596 235
616 401 951 713
607 481 112 376
532 608 489 114
676 492 827 382
411 501 324 086
934 222 459 271
572 054 914 929
797 778 068 956
850 493 313 993
937 916 200 452
467 021 352 519
442 151 579 484
005 174 630 792
638 264 141 856
404 997 208 292
618 798 865 952
231 524 324 876
063 349 433 655
544 299 145 276
678 496 874 262
551 641 857 607
913 472 078 767
004 687 137 173
859 331 806 058
330 118 379 354
717 946 974 062
273 796 195 534
792 879 449 552
485 917 437 894
568 225 918 225
409 451 271 120
118 710 789 731
022 453 415 940
897 562 333 800
620 743 577 843
871 771 426 892
222 740 721 183
367 137 304 368
065 237 473 742
182 602 179 830
338 959 795 468
448 370 951 404
469 229 822 590
851 405 762 426
379 997 992 449
947 554 595 842
855 674 203 284
093 469 740 245
821 783 052 703
221 813 566 245
103 509 151 975
252 023 139 923
893 767 957 567
054 254 225 655
144 211 618 970
649 302 879 407
987 469 814 862
273 594 907 361
582 388 663 723
415 815 678 603
827 450 951 697
753 519 844 018
908 269 388 946
010 387 271 716
206 885 870 855
268 220 980 750
946 683 629 206
250 207 515 511
895 172 645 593
929 723 506 297
077 323 433 588
854 655 076 628
789 201 550 809
432 215 943 086
884 012 144 953
323 292 705 512
385 068 469 231
643 866 457 889
274 138 136 173
607 658 408 155
893 806 540 679
333 019 457 015
870 847 001 923
422 062 302 822
539 960 877 792
660 257 740 958
648 471 305 830
713 115 672 040
204 508 157 022
130 649 782 044
353 538 560 826
679 768 278 107
402 325 815 924
462 945 221 497
901 377 525 603
513 400 075 429
622 287 500 542
344 839 985 932
282 132 148 275
533 800 297 106
623 553 379 900
447 840 416 930
507 564 517 650
858 480 552 336
335 768 979 305
580 448 389 608
102 537 726 112
884 867 155 380
011 304 773 756
634 157 846 765
442 154 281 251
632 144 913 822
390 844 324 695
262 946 438 251
579 285 251 075
444 792 703 698
296 639 313 826
414 934 318 649
274 545 787 198
852 265 161 727
886 927 954 646
486 804 931 507
115 348 744 666
986 914 311 678
835 788 637 871
260 689 181 082
792 718 653 641
306 603 900 474
373 149 684 398
681 821 852 928
347 708 132 734
550 305 600 791
208 861 244 470
298 616 685 626
145 722 865 659
937 059 917 011
708 301 668 171
641 151 463 867
963 661 903 402
455 499 176 530
785 555 783 044
709 627 824 970
606 468 132 288
534 861 830 169
945 871 571 495
821 490 141 118
295 213 944 652
326 071 703 994
944 091 883 667
626 755 027 916
307 930 530 027
995 286 866 844
505 886 702 868
484 312 659 976
984 014 956 343
465 432 412 679
255 429 452 989
268 881 213 084
722 756 330 486
953 688 158 516
352 036 516 079
770 555 988 293
852 593 611 539
429 387 987 391
759 263 716 828
302 345 814 113
659 120 556 173
335 871 250 108
454 258 763 660
368 637 123 801
003 286 245 167
639 740 976 441
362 297 465 225
448 731 520 199
747 283 455 282
405 760 130 439
223 491 126 245
927 276 926 523
676 996 831 806
906 416 515 073
285 451 369 081
412 031 411 037
040 901 750 260
047 943 681 499
358 365 225 830
046 823 124 198
447 734 665 055
248 404 421 790
785 837 525 992
848 117 598 158
471 966 764 705
883 753 935 666
630 420 162 736
665 812 814 223
474 412 380 523
634 353 214 619
801 274 130 704
675 035 503 128
746 001 875 561
000 638 283 977
817 910 567 353
803 982 900 303
487 484 586 828
385 499 365 772
539 006 741 452
318 386 608 559
741 103 771 494
447 918 693 208
108 807 408 935
554 878 192 383
979 085 644 300
486 308 551 245
382 501 671 593
842 338 124 438
189 373 163 369
304 273 898 355
621 302 095 332
139 732 957 292
484 154 983 364
286 126 397 104
305 639 843 991
783 045 986 455
682 089 528 085
934 351 128 444
325 122 784 995
775 336 360 810
153 422 624 875
430 539 094 857
688 207 341 506
825 126 190 980
682 081 620 583
342 642 492 361
387 775 770 852
526 988 634 178
445 749 831 169
484 481 358 011
550 363 711 832
092 092 136 749
425 281 933 319
847 745 855 138
835 597 581 093
843 999 978 315
539 098 429 645
544 583 784 390
186 525 951 005
848 267 319 835
439 553 014 990
180 369 353 873
452 797 035 108
649 708 195 817
604 047 166 510
121 786 597 162
964 578 863 409
298 704 213 867
640 821 943 208
258 874 661 249
779 295 819 783
793 246 609 044
644 829 549 115
275 739 857 507
142 564 062 465
109 914 367 707
086 919 713 667
707 505 270 963
093 213 943 448
704 375 143 111
785 253 701 292
549 072 435 970
089 482 087 253
768 073 650 282
517 078 670 526
322 921 429 620
335 132 089 797
491 967 224 275
163 976 299 673
344 843 752 542
956 139 516 996
800 349 872 751
347 141 251 091
906 915 734 794
241 377 919 589
146 574 480 933
386 702 654 380
098 418 142 677
816 021 330 708
020 782 585 557
506 278 060 889
652 295 028 948
746 019 226 842
406 163 813 112
928 052 966 753
205 165 270 089
986 512 552 308
017 498 665 295
864 893 194 917
635 320 080 605
888 231 468 074
765 811 410 975
323 420 516 991
595 355 866 066
417 928 490 381
793 755 887 431
516 501 826 790
359 740 020 365
110 128 808 530
198 945 590 349
503 741 015 149
060 799 171 855
107 486 576 051
416 742 504 988
570 116 865 753
363 856 300 937
243 934 022 990
646 929 666 238
874 858 764 286
383 072 146 221
037 126 100 416
026 313 636 963
559 319 254 382
053 818 687 704
673 368 506 367
679 125 164 325
081 837 685 573
689 577 679 614
846 253 025 737
777 977 110 553
559 675 636 698
132 245 895 280
069 240 438 279
434 909 108 873
496 476 837 861
548 525 986 271
088 607 119 675
495 243 256 346
058 289 611 439
812 064 186 312
074 302 474 155
993 905 405 642
118 115 974 510
430 896 466 617
118 181 743 119
336 918 137 246
450 917 640 109
688 387 731 156
054 757 097 262
072 547 822 633
975 951 520 386
288 200 242 520
519 433 331 188
204 563 278 535
851 249 135 533
209 795 410 000
667 825 198 357
119 204 266 036
457 301 584 157
120 034 584 157
621 573 363 037
779 687 306 107
423 244 120 078
090 078 409 325
480 785 141 415
001 890 770 068
622 770 709 776
334 582 757 506
651 865 541 206
237 161 533 545
618 831 112 501
894 323 413 825
569 606 310 514
760 019 362 526
610 913 289 237
141 529 038 965
230 446 394 298
630 723 543 386
784 258 875 577
383 393 294 298
931 441 184 366
204 532 216 244
014 909 149 531
742 338 292 719
975 297 269 633
628 511 666 289
097 894 130 593
494 136 200 971
077 104 278 520
937 450 212 412
653 998 902 681
702 522 587 419
985 966 856 545
037 061 835 564
868 992 423 401
393 572 525 649
441 558 341 009
796 302 263 676
725 204 921 954
187 405 039 488
511 348 687 582
304 608 883 221
576 754 734 678
357 327 660 419
132 059 529 976
292 374 873 535
045 666 106 652
267 404 937 113
428 564 550 601
386 287 053 011
736 969 793 213
854 100 156 602
764 005 941 682
769 190 716 243
285 386 413 319
569 827 217 133
005 689 551 181
965 427 945 963
198 903 515 128
182 386 738 786
179 019 814 149
064 856 683 733
455 812 530 182
459 531 493 222
198 110 234 555
499 161 997 230
715 224 922 372
441 994 889 413
222 233 495 740
501 963 202 672
099 335 020 100
178 997 769 149
381 610 054 014
405 071 030 089
431 491 294 004
341 904 505 448
168 800 820 217
955 382 930 063
902 557 308 232
238 418 402 495
922 341 819 580
736 381 872 205
351 166 151 763
505 731 274 868
102 052 261 799
064 343 907 387
613 003 059 305
300 850 181 577
793 196 082 444
815 864 066 894
304 719 604 631
995 322 295 594
431 650 089 878
136 273 027 487
873 460 870 028
895 355 101 719
592 257 694 488
662 900 810 747
866 227 515 486
761 333 441 768
320 180 985 439
036 687 228 514
847 630 610 890
742 540 022 229
676 343 071 523
224 582 824 693
577 848 262 705
326 672 912 822
554 930 508 386
522 235 152 816
624 167 065 529
422 219 703 915
968 667 063 731
533 022 109 370
293 211 360 829
840 845 579 168
568 181 669 737
385 237 061 418
235 480 112 474
228 926 010 246
023 100 614 094
517 862 480 001
803 530 799 936
690 285 023 341
814 785 591 220
617 329 567 116
210 497 856 272
500 434 446 066
860 388 369 857
409 337 334 572
913 377 925 463
746 891 274 392
400 962 238 747
498 283 204 658
054 330 751 087
605 223 400 930
299 119 784 181
890 808 540 067
798 125 801 403
063 130 342 442
359 239 923 132
166 837 938 674
430 962 535 586
667 247 083 106
450 450 467 579
895 069 667 927
068 168 123 451
108 412 808 745
292 343 943 238
120 844 644 485
125 511 832 396
678 950 896 928
195 409 070 612
832 140 683 326
669 359 819 632
642 221 696 511
774 634 486 884
072 089 219 040
735 272 005 758
528 525 575 815
851 639 272 480
811 388 831 356
169 357 491 031
146 648 603 860
319 798 340 556
081 409 887 024
128 375 330 803
769 269 168 066
619 398 239 566
006 422 618 864
951 885 516 166
593 266 420 226
264 634 784 533
634 305 083 082
845 234 363 462
187 138 205 952
102 523 317 179
954 916 017 221
784 488 698 303
284 004 490 828
328 893 488 074
883 948 065 173
200 283 095 615
089 482 410 012
154 176 324 568
220 598 827 796
867 266 229 803
892 938 141 115
191 119 436 720
805 823 932 760
698 964 474 217
500 046 706 103
322 718 343 052
057 135 668 831
399 505 458 553
166 686 345 899
957 144 459 141
884 750 449 406
807 248 659 954
830 310 302 470
269 445 955 124
721 149 192 991
903 909 433 697
911 490 971 669
825 228 827 744
104 568 002 323
879 202 033 408
311 587 016 739
530 255 759 245
852 561 079 625
752 420 613 966
187 774 817 562
455 565 081 559
323 953 189 638
320 481 729 006
414 898 562 844
195 437 382 613
450 973 021 743
838 106 558 538
538 161 379 034
758 981 244 150
927 516 592 133
486 036 479 435
766 628 448 824
386 254 251 449
521 877 058 274
986 379 566 164
911 528 322 710
757 077 510 237
887 297 236 686
552 094 217 651
258 955 478 463
003 457 317 042
451 501 922 503
928 111 818 999
176 024 411 650
396 644 140 053
829 523 455 142
499 709 226 872
416 375 912 310
498 720 414 425
533 072 605 701
707 023 018 931
040 635 808 084
183 970 478 601
349 140 650 202
197 990 362 294
904 845 243 839
666 742 488 087
358 834 905 513
681 495 936 732
351 080 592 649
740 893 405 205
009 214 151 658
382 492 103 164
503 332 604 598
037 759 819 250
191 300 293 470
081 894 379 345
445 335 525 324
120 330 456 667
791 588 074 596
585 794 575 776
393 998 978 864
403 625 953 484
476 118 101 418
417 661 862 138
195 072 391 941
186 976 299 420
739 161 234 802
302 901 757 648
589 683 866 434
323 961 737 456
328 877 309 157
254 093 586 868
788 591 012 226
409 902 526 670
663 396 056 018
871 704 493 868
458 324 201 792
762 527 949 012
171 217 770 593
862 170 718 804
187 681 944 525
398 391 226 876
476 929 426 603
018 854 933 788
141 658 731 010
502 400 869 528
246 293 269 877
786 887 199 835
142 382 861 331
253 785 162 462
308 233 841 005
187 691 644 553
341 466 377 008
362 859 914 869
746 182 884 489
138 573 708 933
978 453 857 171
918 412 387 261
044 105 071 210
332 063 295 755
429 664 661 640
974 119 960 817
922 396 639 867
641 764 979 118
908 688 561 173
136 400 110 647
810 584 871 349
895 030 656 862
756 800 825 176
807 739 279 760
518 009 095 773
797 152 362 822
282 768 308 539
271 617 102 493
101 649 868 571
723 637 426 897
075 471 989 865
665 966 060 988
446 597 721 467
348 758 286 897
155 982 708 693
449 113 320 852
721 170 254 934
174 975 974 520
907 247 639 315
053 744 850 503
835 488 710 016
390 730 485 991
212 077 040 330
115 160 593 644
301 001 794 327
564 207 695 051
421 549 756 877
593 854 679 769
629 605 834 057
925 566 069 770
373 147 176 291
915 194 244 683
801 279 085 822
169 688 072 355
096 542 678 933
699 720 618 293
556 551 154 628
254 325 413 509
835 174 679 399
502 787 807 156
638 387 995 661
697 094 885 472
263 569 278 853
639 130 493 019
080 226 116 601
433 549 374 446
464 508 825 357
994 163 792 760
684 363 554 486
161 778 618 554
511 064 479 482
345 189 351 800
291 315 112 984
249 090 667 943
342 820 371 086
206 436 936 094
035 024 225 896
339 160 315 278
413 090 624 878
525 786 141 909
776 577 975 660
012 426 155 063
563 913 741 332
305 799 286 566
361 475 360 300
396 282 868 001
146 677 709 755
136 506 100 439
309 369 825 933
879 250 163 115
526 189 161 727
733 082 910 262
785 936 519 483
364 587 214 141
608 029 525 449
412 410 835 972
833 305 753 432
849 995 782 416
479 431 563 528
522 068 508 957
184 028 932 782
532 286 921 136
272 380 742 235
744 568 683 953
631 203 594 774
564 193 030 753
136 345 331 965
954 863 007 099
359 092 298 816
624 934 269 924
916 665 614 799
534 967 704 714
816 273 042 507
552 319 292 530
039 111 010 285
844 065 602 630
449 452 137 523
382 159 737 747
512 683 839 977
156 704 732 078
355 290 369 283
955 378 430 499
393 201 543 332
853 960 797 285
946 363 785 590
606 863 951 241
547 070 100 836
518 955 725 226
382 333 469 481
671 538 087 035
599 552 522 168
787 746 603 638
418 723 835 773
381 786 950 375
124 032 186 013
389 823 291 435
592 778 714 359
989 268 626 749
702 708 479 854
041 830 993 993
403 270 975 206
501 598 003 411
789 684 671 929
419 998 874 432
930 488 098 158
028 162 568 108
810 564 725 674
418 283 036 187
971 197 472 167
753 432 335 364
327 417 173 358
252 829 225 152
959 384 151 687
996 509 439 417
041 514 916 555
788 820 767 592
372 671 253 133
263 676 034 071
051 975 055 814
124 529 255 466
609 045 729 051
938 817 834 954
150 481 659 526
690 909 416 359
134 762 175 489
534 740 140 111
792 543 789 034
789 734 010 137
467 611 892 206
963 170 949 905
140 600 155 507
606 823 258 286
194 029 856 157
028 214 046 556
302 675 686 341
503 665 145 989
493 423 053 761
627 156 067 760
137 140 042 317
126 239 784 204
799 891 173 338
691 361 830 092
073 898 583 334
025 114 489 764
741 337 370 671
838 574 535 624
662 661 321 804
625 696 444 437
580 523 911 766
460 835 092 385
883 818 923 407
189 799 385 812
560 943 529 463
909 374 305 375
529 390 007 025
708 997 761 579
990 051 629 531
423 946 697 457
630 760 394 039
994 640 617 657
472 598 154 342
096 824 648 304
104 783 908 328
780 688 555 255
479 390 817 748
346 034 466 804
305 975 984 921
360 750 003 124
151 188 866 598
484 275 431 567
361 570 028 172
389 516 487 126
672 878 368 472
738 557 030 299
582 408 913 599
824 971 491 787
782 019 538 329
585 945 814 873
205 989 889 562
590 495 140 549
644 596 291 980
365 843 901 345
532 972 366 634
529 227 050 913
920 653 720 805
431 862 463 132
477 328 552 895
260 280 372 379
629 854 088 818
630 234 363 659
117 276 919 770
860 771 645 165
013 891 606 963
680 289 986 936
468 190 495 226
211 717 389 709
136 527 907 733
240 557 746 407
716 964 675 805
487 831 847 857
672 296 373 871
004 206 734 517
990 455 096 928
147 953 160 673
754 001 306 520
591 888 417 505
988 134 632 779
098 562 261 636
138 215 624 811
217 298 872 278
995 424 325 299
632 614 428 624
506 385 496 021
019 048 601 756
616 775 926 092
803 980 350 059
547 002 274 066
861 110 501 723
461 130 566 622
882 371 774 701
824 055 872 353
114 440 024 922
712 994 975 021
551 084 043 926
733 468 799 133
388 837 709 289
803 988 978 615
041 722 142 770
620 511 655 456
570 125 566 279
608 714 712 336
736 606 069 515
101 620 334 190
394 164 323 448
886 920 018 250
208 190 154 520
290 419 275 273
430 417 113 386
512 228 335 572
059 908 492 475
973 631 781 489
695 784 886 836
720 588 304 734
569 388 166 021
371 768 813 791
110 207 595 011
549 867 979 911
754 581 087 826
895 943 525 921
905 671 120 954
300 493 362 206
103 638 583 268
640 670 684 154
313 255 960 847
848 147 103 175
379 261 204 821
522 729 779 282
144 695 013 797
670 963 391 761
448 440 508 601
651 971 883 405
980 599 048 325
767 218 996 830
231 087 793 255
990 956 223 521
356 550 805 036
705 052 141 131
803 960 771 063
124 244 096 425
117 048 022 465
683 536 463 293
899 604 547 884
262 304 175 856
155 095 292 315
841 892 789 826
316 902 703 355
844 268 295 745
228 216 623 978
828 961 158 504
842 063 156 067
448 663 287 643
032 469 772 346
456 982 176 051
258 531 710 902
079 739 409 221
620 457 697 111
013 163 644 390
243 754 102 780
026 231 595 872
534 658 633 010
393 291 822 213
631 370 547 022
045 415 700 593
729 494 021 101
625 247 327 124
640 651 204 765
015 209 084 379
955 316 650 485
437 089 695 023
112 703 926 179
588 800 553 986
290 578 383 110
495 655 926 759
088 556 023 550
345 878 637 830
580 705 044 048
983 619 784 430
005 701 224 897
531 750 629 698
502 715 614 069
924 382 318 507
792 471 031 620
840 918 256 283
634 638 099 502
313 393 830 343
249 935 151 984
640 362 134 869
586 344 228 048
805 335 033 865
246 720 938 945
871 665 569 146
779 972 671 109
850 811 096 055
347 820 509 004
005 536 377 180
575 715 962 453
574 159 975 570
546 967 826 624
479 403 265 205
121 710 500 426
809 453 685 068
056 120 534 174
610 511 405 250
371 251 916 366
437 998 273 583
207 355 289 584
937 215 724 417
351 698 789 795
366 018 685 305
196 776 989 099
458 180 514 295
971 672 205 550
200 281 536 655
050 578 190 080
421 778 480 898
923 265 821 551
273 646 911 085
085 717 526 154
582 515 886 940
584 387 684 727
910 403 501 916
339 629 904 523
213 856 975 550
438 344 856 894
706 582 348 718
065 593 088 918
055 976 641 814
039 311 271 928
835 371 689 742
636 107 614 146
377 673 612 714
136 012 428 767
407 421 378 990
491 613 992 206
069 162 760 926
528 133 514 662
181 577 520 146
111 622 957 408
475 969 239 707
128 330 647 291
298 161 577 200
165 090 641 340
461 775 127 467
007 822 081 827
455 765 994 770
089 118 269 798
382 936 953 321
036 247 233 674
287 365 865 747
305 881 665 717
292 156 470 865
858 845 639 894
144 190 846 906
371 826 743 092
282 018 830 791
237 901 895 157
370 214 014 191
873 817 657 069
974 210 702 474
752 578 604 602
808 850 930 133
989 448 840 805
418 935 536 231
195 243 352 968
826 576 290 234
100 469 674 824
259 644 344 901
995 004 195 103
398 228 309 122
754 588 920 857
467 062 814 535
602 659 176 224
951 718 343 176
123 620 712 997
636 067 013 211
119 618 142 543
554 541 296 308
237 616 281 241
119 474 408 341
346 201 481 037
053 625 130 343
172 289 089 626
908 986 907 131
187 311 199 302
910 105 842 672
724 434 594 010
277 753 750 596
689 229 940 559
765 580 890 993
718 991 112 775
426 406 961 808
717 970 568 651
095 934 699 905
438 402 190 017
324 211 787 531
102 721 971 253
116 545 008 751
937 722 899 729
047 913 616 109
513 143 235 078
314 846 349 659
808 413 583 721
864 549 497 859
877 076 085 423
582 258 569 397
179 916 294 853
551 663 543 106
723 839 058 080
617 912 862 860
789 675 306 329
246 580 556 105
663 124 385 305
948 367 328 777
637 231 367 491
127 293 483 054
228 977 788 649
615 304 854 613
903 438 357 300
348 971 258 858
808 920 051 497
425 928 231 405
588 335 515 462
033 634 984 154
532 952 739 244
261 587 196 389
559 642 142 370
265 272 289 846
239 695 824 330
208 719 189 132
291 300 070 331
244 745 593 596
456 976 700 740
352 336 997 747
543 464 969 594
409 452 159 439
225 669 960 942
234 577 086 792
644 468 711 413
820 952 446 722
757 134 353 301
540 122 172 075
702 334 591 160
057 615 051 941
222 354 068 242
192 871 947 906
446 602 376 111
123 600 280 541
327 099 321 580
836 686 508 065
723 772 590 427
438 679 063 287
360 494 325 236
655 899 031 815
892 800 144 640
210 610 210 101
316 424 644 450
141 508 201 468
942 060 569 159
472 900 676 946
871 199 084 857
257 489 109 202
520 188 299 529
837 906 462 565
219 684 766 866
990 655 872 755
219 274 006 586
950 476 307 001
680 669 246 347
558 176 040 360
539 645 811 768
433 723 050 392
722 005 121 903
950 153 578 964
221 631 023 781
270 563 752 087
299 772 475 888
449 098 927 988
200 421 124 444
125 131 548 202
465 406 030 147
194 475 300 496
378 533 999 806
662 840 397 804
617 390 297 812
740 715 728 880
346 919 957 491
660 860 975 919
058 207 583 694
427 796 525 905
496 890 543 695
164 990 797 543
217 939 415 371
169 315 173 262
162 411 884 257
250 418 078 372
147 146 004 487
609 348 691 106
466 518 378 937
363 825 377 271
863 078 194 178
048 511 967 208
477 572 818 465
539 083 318 587
686 631 465 450
151 135 957 397
197 399 998 099
527 700 918 993
118 262 938 944
306 646 106 260
815 747 820 427
172 616 157 339
327 278 694 744
728 012 488 857
359 011 248 631
054 183 332 888
703 585 147 092
868 349 618 605
720 551 446 020
775 248 406 231
408 227 019 876
569 564 574 757
336 010 958 905
312 901 199 978
893 166 674 198
199 882 766 424
166 356 746 722
678 222 012 471
120 611 247 999
931 734 237 620
443 330 278 513
612 447 478 838
038 724 349 926
790 762 132 702
179 925 251 520
145 416 378 575
670 679 632 554
542 467 526 052
662 543 360 324
468 189 758 097
380 104 861 890
608 829 411 700
933 729 357 525
325 546 366 758
093 967 558 926
113 243 318 359
386 443 418 463
549 996 630 933
301 243 074 457
111 450 864 960
431 261 944 303
217 449 918 188
428 907 844 080
180 340 280 724
332 594 135 374
293 746 913 726
866 889 770 367
424 985 480 604
653 470 160 573
834 559 393 621
203 824 516 113
639 029 695 015
082 020 102 117
623 695 761 192
036 393 619 774
148 501 041 239
609 934 398 009
470 950 895 955
715 004 080 679
367 437 504 903
019 143 474 421
929 402 980 058
235 734 081 209
494 629 493 650
800 292 395 080
873 034 072 090
826 055 568 482
388 880 330 374
646 967 881 937
623 052 248 064
618 275 945 141
959 060 134 116
638 813 657 124
951 509 158 209
217 783 950 263
713 148 483 510
963 596 732 869
586 417 479 778
601 982 660 782
946 442 195 355
206 614 118 498
485 019 880 446
002 758 325 577
505 657 345 795
617 556 575 951
145 016 381 741
322 200 130 704
177 809 264 451
133 840 487 522
327 572 033 183
958 257 696 116
738 931 765 448
168 231 705 988
213 982 521 084
300 242 751 908
945 531 174 971
877 381 718 393
056 213 720 404
708 981 033 936
446 929 055 248
495 024 047 368
272 735 912 977
780 144 945 059
591 989 918 765
622 923 551 823
389 341 212 313
402 306 891 541
102 249 777 759
957 654 231 941
024 593 284 814
907 254 675 234
914 621 015 012
428 346 504 274
707 736 589 067
856 289 889 473
522 862 064 081
438 942 345 158
032 449 423 310
361 609 286 484
193 612 747 383
952 456 801 758
064 686 154 834
580 066 398 864
783 068 233 555
816 012 812 797
583 535 920 980
219 650 002 514
027 504 299 657
479 853 492 570
216 268 496 841
732 679 165 117
024 802 244 728
702 015 153 801
182 341 500 914
368 469 600 486
604 906 421 372
090 312 888 865
779 420 070 573
650 459 208 637
928 859 773 923
690 020 152 666
143 956 603 259
211 179 973 675
817 848 426 271
581 731 044 180
907 269 346 803
876 472 204 959
724 163 073 693
126 782 567 795
456 288 694 853
417 372 018 235
551 148 193 960
689 409 937 227
419 467 622 162
755 565 054 669
361 939 833 362
972 524 841 674
336 116 385 910
679 233 938 369
253 081 769 650
261 608 705 295
551 873 607 786
329 315 191 897
222 065 306 743
098 505 357 437
948 909 365 454
064 148 057 622
659 654 979 502
739 648 763 354
110 948 031 625
970 047 555 140
831 986 830 554
403 147 000 477
871 589 897 900
704 479 432 664
440 713 046 301
525 065 640 343
362 093 520 613
818 395 430 395
437 691 410 644
094 288 081 114
734 480 397 765
682 820 327 320
114 120 431 296
702 924 732 860
516 089 730 326
627 633 449 611
739 359 725 450
334 245 537 530
600 942 080 434
037 060 126 629
829 418 410 865
987 337 090 011
757 741 407 012
267 201 416 217
288 963 970 766
067 946 786 507
989 869 453 956
244 403 240 113
347 053 067 008
301 031 211 169
137 335 776 651
239 088 824 600
111 889 118 791
573 132 175 089
122 324 452 711
488 653 344 750
478 242 413 176
679 323 976 275
342 163 537 295
620 929 820 297
491 087 429 290
034 964 848 470
294 634 504 477
244 076 533 089
596 635 802 089
278 578 665 772
987 283 720 514
886 957 416 570
705 442 471 464
761 835 875 469
160 825 541 648
738 713 241 118
568 069 433 627
155 682 312 209
606 211 705 226
747 121 410 165
866 880 625 845
221 292 293 983
518 189 954 135
581 469 090 189
921 886 287 236
144 698 118 671
073 399 242 815
707 794 725 421
430 297 135 080
389 808 422 988
142 384 555 185
904 578 072 630
592 600 855 115
474 042 529 499
494 480 640 189
295 423 079 900
393 011 119 221
546 446 529 575
609 641 958 408
763 806 906 498
652 237 182 830
247 827 203 778
362 267 820 098
871 132 693 265
917 929 488 487
482 590 915 895
607 117 519 624
980 151 048 364
019 225 011 131
136 087 786 751
085 384 724 209
738 461 385 991
496 058 836 824
962 640 683 725
831 436 618 398
867 647 391 459
863 420 876 112
639 921 557 477
304 533 348 267
218 751 275 591
837 089 148 611
633 377 347 260
280 610 181 379
535 801 869 701
780 815 367 679
952 843 036 473
153 530 157 883
036 690 286 685
991 667 531 676
182 652 216 980
634 518 756 864
848 024 136 050
853 336 891 092
302 292 922 870
319 274 468 365
531 006 285 571
294 413 898 202
752 753 494 666
091 569 584 807
004 546 723 924
452 117 752 832
133 971 795 475
884 794 316 610
637 604 517 241
285 113 908 632
395 851 651 324
418 195 864 241
810 370 200 421
866 569 996 169
481 286 805 403
027 102 308 722
820 524 575 189
991 362 536 353
189 376 075 845
528 092 894 810
094 618 657 733
519 901 315 683
454 356 827 937
145 719 788 448
288 349 431 025
420 181 667 276
569 699 490 606
757 840 612 928
969 788 001 278
984 262 571 332
371 755 463 073
961 260 458 986
544 945 752 740
624 581 480 029
021 198 438 511
141 832 121 153
587 640 551 591
355 321 111 343
964 899 797 861
178 806 065 947
670 094 123 378
565 179 459 424
221 428 891 612
979 363 780 033
188 558 825 586
279 547 685 220
019 673 319 734
924 389 748 209
413 334 886 853
925 116 753 452
239 558 171 015
007 494 807 036
452 155 595 100
523 778 290 901
835 965 429 319
591 652 990 796
103 973 644 132
952 068 011 327
664 791 013 985
154 576 446 979
092 168 578 521
985 301 897 790
343 487 169 470
894 540 752 368
114 417 129 181
418 146 141 541
735 603 808 436
375 234 070 212
151 611 757 378
142 637 398 187
091 656 041 244
118 777 999 708
133 291 497 452
900 022 690 841
962 028 738 351
374 075 676 576
687 710 829 133
937 961 355 975
861 426 538 644
002 852 214 003
760 421 160 294
930 269 539 286
950 276 075 775
501 647 480 782
294 457 458 456
189 411 915 566
888 180 517 707
161 821 714 556
897 886 662 867
837 783 948 134
019 484 223 228
363 003 430 499
393 060 876 287
728 853 360 941
083 469 461 008
116 235 108 638
567 702 844 297
730 682 561 973
613 583 245 599
276 926 381 950
542 616 659 309
936 195 214 041
654 558 175 293
163 884 086 608
928 663 549 105
119 123 363 293
242 006 495 552
050 175 495 867
486 233 572 432
054 361 955 616
219 880 747 551
016 208 052 801
012 481 287 901
479 278 550 224
475 765 341 777
726 526 301 572
978 424 078 791
552 156 960 144
293 491 399 388
791 679 803 407
415 550 272 323
168 640 127 346
439 024 179 507
684 900 637 840
125 328 007 801
014 824 466 095
521 670 969 990
875 159 078 399
670 238 403 079
643 793 212 394
931 601 623 299
962 158 780 541
638 507 638 530
770 135 644 372
016 361 438 907
311 556 033 247
854 499 635 549
136 719 176 381
309 824 986 850
694 937 277 131
932 307 057 218
980 066 238 511
523 910 427 789
258 970 338 695
611 190 332 087
313 788 019 170
726 727 393 829
833 744 627 065
655 957 653 136
451 579 449 485
537 445 376 016
233 526 570 638
314 861 627 031
910 876 934 423
582 280 480 812
050 439 929 261
570 479 488 028
943 654 010 872
550 450 422 160
001 142 392 248
526 415 079 781
992 869 688 354
396 748 931 193
390 708 132 024
953 265 026 212
833 185 080 946
988 022 227 278
466 507 617 896
494 603 401 637
700 409 556 461
857 332 909 152
752 387 783 970
621 823 002 385
606 872 754 765
626 878 787 661
108 615 046 767
081 012 695 629
612 459 794 576
314 972 885 989
676 407 557 899
258 696 340 460
862 373 373 388
239 702 941 471
418 963 810 663
417 452 687 946
754 851 939 096
441 946 866 529
449 978 347 210
905 872 441 190
074 107 912 430
296 074 822 094
009 408 735 980
323 029 757 467
636 626 708 000
751 479 531 565
189 234 764 277
101 818 231 327
837 793 606 153
746 324 657 326
761 233 376 249
696 156 005 816
180 676 940 103
137 378 650 773
859 132 184 515
260 929 949 292
962 726 540 781
781 801 861 210
762 172 455 617
946 897 448 824
814 743 075 295
346 833 606 485
496 476 294 836
760 164 175 044
051 422 733 824
659 809 151 007
244 220 034 241
577 209 383 550
437 599 395 327
741 279 941 722
294 271 469 488
354 594 625 946
701 460 861 420
412 395 836 391
445 700 735 846
090 851 783 408
132 010 941 991
516 179 466 520
498 550 803 757
872 599 410 934
460 494 150 251
238 108 785 820
696 711 956 309
941 959 751 025
030 114 863 079
744 820 482 916
782 617 967 067
183 154 696 211
483 064 312 342
225 611 277 774
732 821 947 012
380 274 474 082
807 504 371 932
159 049 521 222
199 320 064 091
344 263 144 702
532 456 168 540
404 087 815 760
535 717 839 779
751 793 389 376
905 788 687 291
134 060 172 533
602 237 015 881
204 019 146 955
831 820 337 217
634 927 624 386
506 338 765 630
529 455 309 747
422 823 055 521
409 954 299 439
817 997 786 880
584 167 509 704
545 444 709 290
506 773 552 946
013 292 011 244
224 117 128 355
172 514 250 833
151 628 935 145
934 471 775 711
049 798 448 105
649 032 993 768
988 806 834 067
813 679 672 983
173 281 728 171
053 237 157 212
922 318 509 563
254 224 973 161
634 572 596 136
931 957 259 097
292 323 876 077
402 697 712 829
302 690 253 628
017 236 985 344
456 138 536 302
017 582 487 467
947 583 405 714
402 508 161 511
830 396 698 829
004 399 630 318
087 939 642 565
301 902 568 340
387 188 152 230
875 927 643 908
872 785 973 755
245 441 207 002
663 060 738 921
537 626 712 067
210 179 087 912
190 301 731 480
458 138 059 584
956 884 361 552
531 023 673 971
184 895 251 535
494 702 890 559
793 590 197 579
947 529 109 653
996 118 053 519
276 033 791 576
427 144 913 069
498 942 643 735
207 686 231 068
191 850 520 763
574 983 279 194
732 782 733 085
079 221 453 301
124 879 990 601
884 793 058 981
404 863 142 055
796 309 536 743
676 935 224 347
402 656 872 890
764 934 465 119
710 783 134 889
797 087 177 526
138 997 139 284
518 975 588 424
648 803 218 465
424 665 040 346
810 103 861 425
933 506 615 345
182 237 330 198
311 469 499 972
244 462 146 591
152 318 473 428
414 595 521 908
286 794 181 031
707 149 872 595
855 197 914 302
177 834 738 388
747 102 679 194
998 311 639 596
104 885 657 745
971 173 308 393
532 765 825 100
878 344 715 343
946 618 870 024
298 282 087 039
405 467 829 971
820 622 075 304
553 326 591 611
241 220 532 636
135 505 419 181
449 238 011 937
084 487 281 619
008 520 115 077
029 451 510 742
092 280 972 023
959 171 200 645
772 010 825 643
783 500 590 550
234 953 134 750
795 210 820 639
860 014 522 287
596 140 893 281
427 972 950 409
312 023 850 762
467 073 558 859
654 922 718 783
877 043 065 550
598 695 045 236
882 895 368 419
651 589 310 442
411 363 754 026
026 018 208 894
456 692 643 948
409 475 563 455
239 114 451 781
706 137 208 851
873 223 199 036
352 948 661 876
942 514 747 724
123 859 177 078
535 019 000 628
057 529 863 872
470 160 996 408
872 871 449 479
164 711 476 354
884 073 265 965
709 143 209 009
618 493 251 808
647 621 429 800
222 205 478 435
576 271 380 050
567 868 071 727
095 643 020 104
514 841 017 273
750 946 375 928
674 603 946 325
323 060 972 198
207 482 868 627
631 423 732 462
221 595 647 639
555 356 769 542
854 845 583 515
126 308 009 296
748 570 278 874
079 105 594 012
035 154 266 710
790 333 735 223
880 469 262 553
512 450 835 940
426 127 781 127
489 654 714 772
138 449 893 994
213 587 238 496
117 013 674 499
824 123 348 534
112 643 363 232
187 032 981 466
301 415 767 399
092 103 669 104
631 655 265 623
295 846 578 703
988 880 620 687
410 212 436 880
882 262 583 777
648 490 361 733
626 626 609 790
745 809 463 257
393 552 914 953
595 607 794 875
445 127 947 922
304 778 588 121
386 645 252 800
678 701 657 229
201 529 632 473
029 166 050 410
087 756 406 644
472 317 820 567
158 027 989 153
197 506 738 569
463 258 942 069
848 875 422 922
031 372 858 956
372 010 102 876
886 214 744 112
767 910 088 250
340 181 926 549
654 411 115 035
318 178 763 696
356 219 511 736
667 703 431 586
385 878 596 715
490 542 357 250
105 016 577 993
473 323 985 121
389 913 902 467
258 023 840 616
803 326 597 463
765 408 091 606
596 128 067 201
957 696 978 426
744 151 420 673
037 939 645 444
040 472 716 938
491 577 028 465
993 988 020 911
005 796 600 844
806 831 657 547
882 880 848 047
133 185 504 907
129 935 355 881
481 900 675 960
747 203 297 466
191 279 134 270
460 422 225 818
714 169 391 571
830 673 557 784
376 523 027 246
497 497 888 858
265 236 102 088
387 844 369 417
606 089 541 736
789 104 331 810
003 359 974 852
911 353 655 106
525 407 579 508
519 285 192 719
298 716 590 782
346 727 341 273
447 990 370 610
886 290 873 683
847 547 802 437
969 941 273 584
104 049 075 405
373 271 834 833
193 131 935 233
385 245 145 456
709 164 927 085
684 447 904 989
669 978 873 643
186 131 629 055
170 744 281 950
405 821 194 025
187 226 050 380
702 845 113 563
570 796 104 466
796 599 911 511
824 981 251 464
626 427 524 514
961 365 106 886
111 210 522 196
348 398 730 092
999 536 773 930
621 308 277 491
770 805 512 932
199 631 341 776
732 172 440 785
586 731 879 821
953 614 990 417
333 948 240 305
451 989 680 121
872 579 517 949
892 068 055 826
390 073 611 106
566 189 740 119
762 217 605 617
853 423 878 649
297 507 518 031
040 440 195 822
532 733 101 202
909 709 982 238
332 745 436 407
588 492 073 843
138 594 030 349
136 586 550 212
149 025 449 860
784 147 714 835
548 729 391 634
500 499 027 580
231 340 731 347
672 057 905 963
622 570 806 858
894 189 315 382
607 967 427 772
725 053 172 316
372 564 734 087
384 842 012 146
426 210 028 159
596 393 873 876
923 920 313 513
851 305 822 524
671 836 255 928
700 874 698 253
147 895 340 835
858 635 882 369
504 893 632 768
936 068 887 592
595 247 088 729
045 729 208 979
971 448 201 229
749 578 010 601
315 828 452 636
563 052 772 508
063 995 827 013
237 386 701 200
405 892 971 775
446 670 944 072
548 589 776 349
003 513 245 183
003 035 542 324
339 109 919 666
743 173 635 448
564 170 767 817
403 527 443 638
247 879 989 064
574 989 982 566
900 800 483 592
289 892 834 904
345 474 568 096
818 867 098 160
909 072 209 546
490 893 319 298
397 781 617 546
458 688 726 247
619 584 061 168
541 792 894 444
473 056 115 006
203 247 538 914
792 334 227 400
101 495 353 559
955 681 656 936
387 078 889 214
603 355 014 348
853 685 426 501
727 567 064 107
729 081 204 912
429 388 719 163
855 637 375 585
633 430 770 504
768 538 866 513
657 664 683 474
528 938 234 196
974 672 801 987
211 681 039 300
082 738 956 078
901 156 254 062
754 315 756 358
916 302 113 368
087 205 502 007
354 031 154 224
995 185 838 632
855 185 680 894
808 211 376 320
931 716 972 128
597 963 400 037
662 726 642 414
397 391 278 961
341 291 090 405
415 657 517 366
601 885 979 048
535 042 388 188
652 035 398 468
011 443 647 611
256 507 742 212
383 364 007 702
184 554 194 088
889 062 570 805
027 260 344 431
328 812 720 457
594 512 227 853
692 473 345 873
375 708 557 067
583 220 346 522
935 601 272 114
642 939 562 588
011 442 785 387
295 679 547 858
831 695 034 758
972 942 835 473
498 304 025 360
009 934 253 660
650 402 236 729
773 063 351 193
390 122 982 765
451 312 427 915
128 031 946 611
211 483 600 860
104 876 547 400
395 182 984 000
104 321 526 892
617 907 381 109
851 798 509 477
111 587 359 256
597 762 899 557
973 828 314 088
589 375 969 429
084 757 756 460
352 193 251 928
242 468 745 374
465 622 102 901
287 627 805 540
529 771 598 863
752 871 634 028
112 756 891 410
333 030 331 386
592 480 640 055
874 107 124 254
769 478 672 615
340 087 927 715
623 425 234 862
127 148 326 875
603 622 694 385
525 648 157 796
078 949 974 771
250 126 873 161
268 772 881 764
465 540 074 448
892 092 281 677
029 298 949 576
132 319 682 098
979 947 379 841
087 649 821 596
997 208 403 122
900 220 738 123
104 217 637 395
917 034 895 573
969 186 787 419
428 548 461 421
370 423 753 125
755 151 759 750
524 611 143 881
525 465 639 388
320 977 151 999
803 198 187 363
538 402 114 639
027 672 062 656
243 129 196 743
875 888 527 417
041 539 097 125
899 444 237 470
628 403 973 617
855 664 565 098
817 227 956 181
159 424 128 169
866 291 462 958
665 675 166 441
514 087 975 745
066 562 819 076
944 309 231 578
647 508 381 950
859 453 153 803
257 541 359 882
531 179 409 354
987 832 483 324
073 050 197 792
107 330 480 266
352 739 810 609
534 825 719 562
415 383 370 770
845 797 150 889
666 554 678 932
452 722 886 408
992 231 262 572
682 609 180 234
443 799 316 856
244 777 987 003
027 721 775 779
846 325 683 536
541 325 643 976
269 418 146 482
066 242 058 117
034 913 587 905
517 549 905 935
839 192 814 247
312 380 406 072
440 911 110 818
349 519 127 912
651 542 975 664
189 313 750 494
088 794 553 835
956 783 277 443
981 316 216 755
328 111 135 435
606 722 654 571
313 651 919 036
406 631 754 571
959 309 184 679
747 341 666 921
602 372 774 160
261 095 183 688
440 291 502 760
780 190 468 618
056 074 802 483
248 366 749 021
599 212 072 213
442 896 829 694
110 197 802 557
458 041 192 481
484 320 280 410
187 431 099 444
888 759 172 961
357 237 704 785
476 039 104 043
142 023 722 607
376 263 900 328
303 376 620 418
477 005 386 876
294 004 371 462
045 598 696 878
690 404 143 707
261 604 691 595
078 817 042 541
496 731 834 723
609 117 619 433
632 675 561 011
796 966 134 510
883 482 105 319
826 816 159 732
174 330 801 178
218 981 548 604
921 836 104 031
886 550 864 750
727 729 446 030
897 507 328 609
408 883 927 101
938 568 475 665
336 743 211 731
066 301 278 566
885 923 473 345
727 389 010 740
217 439 677 986
828 825 771 058
398 954 613 570
593 467 873 145
018 497 915 914
072 237 325 823
130 328 414 383
512 565 568 948
553 682 929 525
758 649 979 872
476 035 429 187
573 235 498 671
782 906 967 110
599 300 656 117
564 448 389 534
351 222 046 373
618 792 456 433
252 973 006 495
843 417 129 083
958 707 881 897
006 226 611 395
804 931 417 891
430 960 305 640
080 246 166 389
294 037 911 588
665 098 926 485
117 073 404 076
537 762 849 167
117 746 380 991
094 817 469 845
126 353 595 995
566 868 664 576
803 160 826 161
992 639 600 824
159 027 064 954
032 516 940 487
593 586 608 900
070 819 704 869
619 398 467 143
448 724 613 243
602 078 372 496
730 043 392 746
197 925 547 579
549 887 095 109
356 985 185 687
035 685 816 140
440 464 009 856
965 248 485 184
231 028 321 653
462 058 827 872
966 776 436 522
307 053 530 288
632 725 636 916
254 412 683 965
086 434 178 713
370 089 639 189
801 859 566 764
929 184 844 014
160 422 690 753
221 924 650 616
945 534 588 779
804 317 316 695
291 035 454 458
716 627 545 202
034 229 935 924
244 231 445 560
179 914 098 800
112 441 378 237
221 385 746 415
092 093 534 312
809 329 184 268
361 215 469 745
928 569 281 948
632 722 172 372
121 894 215 439
061 498 732 368
374 666 255 634
739 773 219 265
167 463 985 352
954 917 443 766
906 814 810 850
879 165 848 671
929 172 230 156
716 053 219 404
837 882 723 598
564 861 961 234
889 445 142 533
435 733 322 858
945 843 259 200
328 734 693 032
623 891 292 059
030 837 413 540
458 825 490 222
036 700 727 869
376 661 907 243
347 665 971 779
061 272 369 844
983 831 489 246
316 198 850 750
063 588 449 378
204 939 971 596
616 008 422 387
899 180 694 799
482 078 856 697
144 194 691 613
989 090 282 751
535 443 110 294
640 919 787 908
885 640 548 255
915 850 378 444
936 297 462 656
756 975 539 599
492 753 933 161
425 188 236 900
330 391 543 789
460 961 268 554
034 026 358 242
264 162 774 571
836 564 178 525
741 733 122 869
609 588 056 229
988 306 373 941
103 034 896 685
469 057 842 175
471 659 676 848
491 132 229 394
732 500 892 766
324 700 961 155
660 095 508 791
707 505 573 481
752 943 357 693
979 625 853 200
335 558 117 924
366 443 300 352
594 763 754 150
770 948 595 535
931 989 997 296
344 427 911 576
345 276 705 973
176 515 248 360
317 862 446 464
371 159 036 124
039 522 897 596
883 343 771 214
319 822 318 382
292 366 688 536
578 345 272 511
396 517 840 105
031 452 587 234
396 310 967 106
016 079 547 321
472 902 306 111
043 013 793 444
541 868 706 593
796 479 089 402
553 453 792 735
144 741 455 921
631 346 514 821
534 379 005 132
524 704 752 172
135 622 122 210
617 592 559 981
270 916 945 213
448 200 020 318
616 962 225 344
211 537 449 414
425 985 196 230
097 399 819 308
859 386 920 253
624 924 898 153
914 050 401 602
671 930 973 476
589 541 070 536
286 974 202 134
396 717 054 757
196 063 203 474
300 816 435 415
425 358 243 987
814 892 091 241
613 721 268 053
785 513 141 390
254 231 428 473
451 172 986 010
658 800 931 346
792 663 521 205
196 941 314 358
351 743 111 448
921 258 944 261
309 992 233 330
178 708 464 801
016 641 318 944
412 820 459 117
013 689 750 798
669 201 113 338
664 334 299 853
773 928 471 326
125 799 467 491
531 540 870 542
829 496 623 821
949 049 528 139
782 155 668 287
097 176 871 069
172 192 478 970
357 815 366 205
144 136 872 297
256 580 802 772
995 569 387 695
724 219 715 966
977 540 346 224
120 281 055 086
658 295 692 859
284 735 859 018
852 480 188 188
105 052 126 100
632 022 664 034
211 277 009 552
089 699 174 274
706 642 407 173
184 909 117 003
396 585 904 656
146 614 480 550
427 416 770 224
682 117 953 885
349 351 384 516
849 798 682 102
237 350 753 116
741 994 007 626
826 520 314 602
302 485 272 205
669 710 460 053
423 370 103 958
261 235 351 085
069 424 135 805
189 200 171 055
822 569 233 821
078 971 336 504
614 191 300 469
166 566 236 713
129 961 921 795
504 242 160 871
587 936 889 096
134 854 737 105
298 465 235 748
498 490 541 700
721 603 447 164
841 486 049 645
524 656 449 764
352 120 033 464
805 566 118 607
988 161 508 712
391 860 216 974
097 264 674 424
186 196 619 317
435 739 190 316
323 313 786 667
402 926 568 082
983 522 476 977
230 652 186 723
727 484 834 142
926 318 143 569
691 599 615 089
509 113 319 763
676 768 016 889
334 442 694 681
993 924 982 882
384 796 371 977
987 606 808 476
519 189 654 205
799 821 991 503
728 598 380 828
628 232 367 181
707 658 491 635
105 592 497 019
276 913 564 789
063 232 799 212
677 569 468 848
157 716 142 652
916 431 095 434
609 521 022 417
408 217 992 454
293 674 262 310
661 062 040 892
388 853 114 523
835 825 518 755
583 941 430 038
531 829 613 822
711 438 353 336
016 209 270 629
368 813 176 023
999 168 520 580
340 455 218 217
954 025 009 321
900 110 987 856
262 071 478 221
450 448 101 954
410 732 919 775
392 785 268 875
043 965 521 756
164 620 277 405
531 578 564 478
895 415 453 662
153 869 863 842
494 229 169 583
585 205 187 941
579 460 495 292
023 340 257 038
456 865 545 374
070 808 728 328
173 668 344 190
462 075 664 837
935 930 012 869
287 692 087 934
575 365 324 673
340 318 769 388
706 284 909 036
564 754 551 435
177 917 429 656
804 967 321 474
401 582 726 101
608 250 791 784
959 411 379 341
593 783 070 326
806 078 262 762
230 583 135 776
600 870 353 351
429 008 873 145
248 718 012 037
748 140 997 915
312 689 256 453
254 423 839 225
063 314 823 340
642 387 139 498
547 307 608 651
593 162 081 487
055 119 657 577
642 663 198 178
396 640 616 925
158 900 401 642
041 828 997 672
291 695 071 641
428 867 774 460
889 703 847 660
870 557 049 039
013 999 773 081
637 889 476 798
611 642 184 978
985 788 789 992
015 955 322 438
813 199 666 889
468 700 971 952
612 854 655 797
469 923 622 659
762 145 685 158
680 123 476 123
194 733 995 319
240 900 231 024
340 928 353 895
185 215 236 097
247 598 206 948
397 795 634 581
592 589 725 278
176 459 814 791
853 145 266 509
672 722 202 962
918 576 780 073
567 090 157 788
709 148 888 113
679 982 859 825
420 271 522 086
753 218 434 432
027 583 888 371
761 769 069 313
863 048 198 814
304 919 747 145
777 436 371 361
974 027 295 635
515 957 562 836
166 244 303 293
571 984 003 192
131 480 813 796
105 133 222 148
557 883 396 311
291 347 078 588
986 096 099 382
293 049 979 384
188 416 997 999
630 931 180 904
393 860 959 280
858 239 530 441
994 720 428 312
303 604 944 017
394 037 485 296
513 976 254 693
583 659 698 742
538 082 601 608
196 876 269 145
483 550 886 044
716 298 297 455
281 147 338 360
815 082 205 206
007 095 703 827
964 860 645 538
310 514 007 514
024 265 708 711
834 566 046 977
418 981 945 984
537 983 950 978
044 146 705 774
782 687 584 092
806 301 754 093
789 928 885 220
027 239 395 223
940 492 078 990
755 611 668 627
341 479 755 507
838 325 113 757
368 456 521 315
050 914 425 787
233 341 359 310
039 907 642 337
419 832 258 011
228 095 664 987
442 813 590 683
151 615 101 778
955 666 243 249
033 442 163 493
405 877 567 496
792 433 990 257
176 960 445 126
047 567 264 775
972 950 314 760
160 695 056 639
642 309 340 098
848 580 237 639
756 961 834 331
701 532 016 174
647 539 100 354
247 815 451 778
969 552 258 222
429 423 044 739
419 172 386 866
054 809 601 549
692 873 423 014
218 584 556 246
824 412 796 048
951 334 394 058
101 708 235 694
991 022 726 953
311 294 287 520
109 871 336 644
227 122 114 838
603 030 636 092
295 562 667 797
706 530 536 116
829 590 722 483
765 217 091 632
419 656 618 874
216 707 421 287
521 801 529 717
017 687 589 000
038 410 013 202
471 624 449 869
084 479 742 187
310 969 480 421
585 455 027 943
554 445 029 421
458 948 856 298
338 615 037 730
503 449 215 409
707 808 626 501
631 349 362 744
430 608 292 890
713 800 409 181
886 603 796 346
802 821 874 053
555 233 425 981
168 819 447 600
758 830 673 315
846 281 182 076
296 560 594 547
569 530 775 307
215 541 878 253
411 271 030 972
155 120 199 824
504 367 831 612
959 327 734 349
674 805 458 677
676 204 044 327
077 219 015 569
202 626 327 165
043 029 424 773
723 866 210 609
142 899 091 217
608 513 453 980
255 185 434 388
753 577 250 526
760 724 626 154
480 587 331 085
098 563 962 931
471 965 250 808
667 229 468 462
615 318 154 800
636 682 518 980
564 347 300 834
993 165 375 669
288 695 363 574
480 750 070 169
834 360 490 406
860 556 141 868
552 459 901 876
009 207 497 488
041 392 796 670
803 059 409 354
683 446 016 331
751 917 932 840
434 798 969 760
835 956 446 239
858 141 284 300
231 737 109 007
197 549 310 584
972 748 653 572
560 902 084 195
463 498 974 686
535 135 461 408
840 740 088 638
415 460 898 447
785 963 396 465
812 469 789 661
909 161 030 306
512 434 205 064
743 876 702 396
312 442 541 695
634 546 583 431
816 359 311 611
175 351 315 723
126 671 288 163
519 127 302 236
023 211 609 213
364 942 300 273
229 831 198 955
707 646 329 575
346 983 684 998
286 712 440 814
475 484 465 349
510 537 080 836
061 702 442 151
719 052 393 619
191 383 353 932
265 280 746 971
703 754 244 251
115 879 888 778
600 387 221 958
060 869 800 417
486 709 302 505
395 603 916 781
802 887 728 390
141 264 545 447
429 740 069 480
642 578 609 445
174 124 545 546
797 823 066 152
297 774 797 457
594 594 410 587
087 637 891 282
676 174 824 023
857 173 171 979
615 056 520 281
824 665 395 478
062 811 079 655
887 749 266 534
850 557 423 798
371 911 217 877
855 511 243 796
141 122 218 847
834 532 707 279
280 245 567 576
909 466 801 778
661 199 887 293
296 327 925 863
233 037 751 267
346 869 970 526
057 474 280 886
584 043 103 808
015 589 260 608
937 697 755 028
592 631 314 835
979 162 598 500
651 514 309 709
652 938 410 272
758 342 008 208
070 952 616 051
966 919 037 876
596 660 044 385
845 755 579 747
608 916 119 335
695 601 758 116
338 130 685 906
102 726 540 006
087 808 859 168
898 975 978 859
892 257 632 114
387 705 794 483
867 403 713 790
669 152 577 358
826 315 531 848
023 840 059 603
554 191 641 867
639 825 972 112
962 739 912 386
134 029 716 520
023 373 134 122
881 195 535 378
095 249 634 170
553 814 191 214
862 108 464 538
889 448 761 054
162 117 687 038
753 660 602 502
474 344 280 793
635 784 075 179
410 044 155 974
333 385 795 003
581 743 739 582
423 664 766 045
079 947 341 655
340 214 474 185
113 123 744 677
488 214 177 822
355 256 098 372
421 890 167 373
525 991 838 177
759 767 810 679
338 676 407 263
109 744 434 404
130 946 285 566
226 166 958 565
707 614 482 454
655 197 853 241
827 854 556 414
867 008 486 250
076 071 145 588
763 789 713 123
074 586 567 678
858 537 838 834
560 644 794 390
756 901 119 592
128 639 424 002
581 387 355 887
083 672 497 752
506 587 564 441
082 113 734 054
585 150 483 977
177 821 264 168
928 301 855 109
240 495 800 403
681 278 032 613
207 111 207 857
087 825 852 471
957 606 762 718
879 819 673 428
120 676 182 625
350 109 527 805
593 279 853 858
508 662 615 455
957 489 121 518
280 286 140 150
096 428 014 732
236 373 609 938
233 820 579 639
379 349 455 894
977 755 105 729
518 325 369 700
335 948 343 894
282 453 354 083
113 053 427 741
915 748 662 414
280 634 535 283
539 946 754 153
761 641 070 876
379 210 663 221
962 675 013 697
398 311 365 266
643 348 043 977
940 486 368 292
235 286 660 592
166 464 331 137
197 999 744 111
286 630 745 732
980 385 109 809
967 074 805 517
879 049 146 590
946 800 147 766
366 092 646 251
506 066 247 603
899 537 000 377
314 385 478 529
318 042 966 229
301 925 023 975
195 223 426 912
895 740 008 508
345 340 643 385
663 279 338 912
928 286 669 788
818 637 840 017
682 827 943 241
146 672 598 546
179 106 181 150
474 273 556 649
117 841 813 675
784 605 008 529
731 408 952 009
923 924 680 949
985 054 058 710
041 461 268 477
207 494 879 251
399 794 111 398
212 867 151 784
666 483 179 916
247 335 681 917
201 100 050 413
862 811 930 561
081 519 374 928
296 896 673 346
387 908 664 912
844 013 894 352
403 488 863 523
236 625 438 404
156 054 292 550
427 504 931 177
627 892 309 923
180 833 078 619
792 347 308 833
739 014 050 432
309 709 990 810
995 152 434 719
496 366 825 904
759 893 381 901
989 890 869 031
363 398 409 140
263 142 849 437
602 514 471 842
999 350 284 853
661 719 292 568
598 566 942 115
249 815 385 984
275 265 032 075
171 790 055 646
937 728 360 428
078 717 227 364
358 493 963 822
721 370 574 372
234 732 966 336
086 656 414 598
694 679 908 526
912 195 549 439
492 785 763 614
728 733 845 073
422 895 815 528
711 376 320 747
780 668 331 835
396 779 819 901
156 974 368 411
425 729 798 598
955 092 878 940
135 747 787 425
419 920 355 802
936 563 357 459
404 081 043 967
385 769 533 370
011 417 896 052
626 475 897 928
859 791 502 407
962 616 132 213
206 848 319 355
709 445 022 940
227 078 554 558
475 308 751 681
769 729 026 552
023 079 124 096
961 318 954 631
983 542 292 328
578 156 666 285
761 769 748 209
557 270 453 384
089 896 470 877
152 268 926 859
949 673 148 668
094 183 978 901
728 535 812 095
789 662 949 416
374 297 193 784
461 284 500 940
321 595 230 216
152 589 109 529
176 491 633 497
550 844 414 513
201 183 089 242
984 858 266 592
926 400 565 319
054 030 731 795
056 624 670 815
657 878 657 580
322 575 113 135
483 164 813 938
286 213 856 520
119 570 151 238
559 267 748 438
980 028 896 295
433 277 605 875
359 988 277 058
003 334 225 473
346 072 300 476
891 702 747 526
436 064 998 553
219 565 853 643
242 373 582 954
534 548 834 749
227 276 388 271
252 497 125 593
121 571 959 314
631 567 535 238
643 662 372 314
581 732 194 785
556 896 888 282
828 794 222 607
589 213 496 710
558 652 629 880
330 056 395 820
657 489 601 823
656 007 879 997
343 941 563 700
514 918 851 639
939 704 065 903
666 025 985 648
396 113 670 401
286 973 460 034
182 565 438 031
885 233 316 574
900 118 825 102
100 497 214 519
723 771 750 765
521 020 567 202
282 835 039 149
405 435 233 597
619 305 141 048
992 473 638 251
512 207 878 521
663 499 746 644
375 085 846 778
293 417 946 080
914 841 586 793
178 368 488 410
532 860 829 417
199 529 259 023
868 760 140 321
862 687 466 116
896 926 150 909
105 936 787 865
756 265 765 196
312 327 096 248
153 043 902 026
988 523 401 951
335 977 941 801
162 128 329 643
957 274 619 261
792 517 407 735
128 252 168 202
067 719 199 042
681 113 521 114
536 700 249 944
079 854 508 666
004 568 185 217
248 979 264 704
476 760 696 969
578 186 876 150
662 830 230 009
132 561 037 830
117 782 721 510
776 663 956 994
431 502 372 272
254 728 752 178
546 488 311 335
022 823 750 331
822 814 125 396
689 385 191 960
593 932 810 466
659 610 972 623
446 414 985 222
028 358 512 273
548 198 797 949
539 657 032 758
162 400 017 387
589 743 417 981
886 523 188 993
629 683 225 206
739 934 128 161
459 310 869 602
472 476 558 978
425 376 446 723
480 534 712 655
275 251 347 099
548 216 565 809
501 426 677 910
129 547 538 008
549 618 037 664
992 132 253 719
602 726 050 387
606 897 356 464
549 684 573 090
620 050 451 553
535 546 314 718
637 580 460 526
729 500 309 604
993 777 680 242
387 018 301 882
681 441 803 268
778 293 547 712
239 020 301 008
624 934 811 924
011 723 496 910
287 296 666 057
961 380 020 401
867 860 170 365
661 535 795 376
211 699 078 633
880 688 750 562
849 470 648 155
958 138 702 864
401 662 564 884
950 799 572 562
052 286 097 596
898 659 006 317
890 339 194 961
927 788 746 390
081 346 673 449
576 830 292 663
131 857 140 024
784 739 758 821
190 509 742 811
471 629 855 205
646 391 430 066
764 027 196 235
812 996 698 495
344 148 041 486
483 701 941 148
843 446 827 877
304 719 342 541
399 655 429 529
469 555 960 639
622 170 530 215
717 234 777 524
988 658 075 903
234 909 925 484
872 585 219 728
297 113 971 490
987 859 940 488
548 978 341 570
170 150 248 250
835 987 870 967
500 214 940 678
979 914 038 714
236 379 921 365
003 321 915 700
786 692 878 697
756 175 651 491
060 689 842 658
222 848 640 556
574 015 839 562
219 875 419 894
270 375 050 310
573 772 976 963
976 504 768 083
455 340 280 830
173 792 721 730
954 664 259 031
652 677 214 533
097 625 162 548
661 568 103 113
915 342 531 157
762 386 901 390
675 642 988 361
081 000 740 470
572 721 261 476
799 817 949 030
490 064 010 407
026 600 060 520
183 353 054 122
020 646 629 188
023 907 996 997
165 745 380 368
931 480 190 423
904 622 512 257
097 489 875 596
551 680 763 273
066 875 578 448
270 165 740 816
092 248 482 332
200 092 710 231
960 843 214 077
222 005 693 786
474 800 586 038
854 802 822 276
970 554 817 437
830 348 019 424
188 196 329 793
902 221 132 796
148 316 644 637
572 001 814 733
689 838 248 194
890 204 836 465
903 088 231 473
781 649 947 721
050 980 611 392
515 986 332 752
228 752 818 293
724 085 138 912
495 038 839 866
196 957 431 115
125 652 330 635
778 036 496 798
928 158 127 990
228 642 656 117
939 562 933 772
328 240 778 770
874 313 280 011
855 595 655 522
430 534 925 979
761 048 230 748
417 202 524 288
364 619 598 682
360 639 279 111
661 344 447 368
451 014 073 493
289 501 815 205
824 423 599 227
715 413 716 705
594 545 315 629
055 099 306 178
640 148 801 992
895 480 209 645
771 740 931 690
416 681 716 220
491 596 809 447
606 195 019 497
451 783 945 135
934 589 006 998
561 020 099 313
401 640 257 015
152 039 055 312
192 403 552 008
845 664 054 586
706 935 818 845
775 456 315 429
338 136 860 670
661 628 999 999
859 727 027 659
768 198 419 479
468 652 944 827
603 354 200 295
089 157 948 026
847 571 584 049
406 517 827 366
288 688 967 751
672 870 193 064
142 020 947 028
389 618 175 584
405 626 321 454
583 780 355 459
048 499 965 851
422 179 692 502
439 412 805 667
883 249 972 235
718 575 654 505
944 295 686 539
634 363 920 379
432 991 228 730
467 754 928 983
139 057 557 486
278 520 190 389
526 544 154 976
117 027 398 158
649 779 374 952
091 222 139 230
307 208 137 890
547 560 126 492
616 501 831 837
107 581 520 168
557 901 481 569
263 595 970 046
254 597 254 895
492 044 663 731
792 419 750 165
689 321 536 719
383 637 252 279
473 514 432 735
423 220 408 312
611 381 341 095
702 237 655 711
303 287 016 080
214 148 443 842
717 065 789 998
806 398 871 201
351 736 855 046
095 139 022 533
204 497 051 571
405 314 376 030
373 127 971 742
235 709 442 363
461 826 727 412
393 469 965 317
857 758 790 075
615 402 471 340
608 240 705 396
906 872 132 784
456 383 651 615
944 026 921 850
550 821 882 389
342 274 529 192
700 585 369 682
272 072 365 578
365 722 136 801
120 602 976 009
155 682 622 121
